255 255 255 255 255 255 255 255 255 255 255 255 255 255 255 255
255 255 255 255 255 255 255 255 255 255 255 255 255 255 255 255
255 255   0   0   0   0   0   0   0   0   0   0   0   0 255 255
255 255   0   0   0   0   0   0   0   0   0   0   0   0 255 255
255 255   0   0   0   0   0   0   0   0   0   0   0   0 255 255
255 255   0   0   0 255 255 255 255 255 255   0   0   0 255 255
255 255   0   0   0 255   0   0 189 255 255   0   0   0 255 255
255 255   0   0   0 255 255 255 255 255 255   0   0   0 255 255
255 255   0   0   0 255   0   0   0   0 255   0   0   0 255 255
255 255   0   0   0 255   0 255 255   0 255   0   0   0 255 255
255 255   0   0   0 255  56   0   0  76 255   0   0   0 255 255
255 255   0   0   0   0   0   0   0   0   0   0   0   0 255 255
255 255   0   0   0   0   0   0   0   0   0   0   0   0 255 255
255 255   0   0   0   0   0   0   0   0   0   0   0   0 255 255
255 255 255 255 255 255 255 255 255 255 255 255 255 255 255 255
255 255 255 255 255 255 255 255 255 255 255 255 255 255 255 255
255 255 255 255 255 255 255 255 255 255 255 255 255 255 255 255
255 255 255 255 255 255 255 255 255 255 255 255 255 255 255 255
255 255   0   0   0   0   0   0   0   0   0   0   0   0 255 255
255 255   0   0   0   0   0   0   0   0   0   0   0   0 255 255
255 255   0   0   0   0   0   0   0   0   0   0   0   0 255 255
255 255   0   0   0 255 255 255 255 255 255   0   0   0 255 255
255 255   0   0   0 255   0   0 189 255 255   0   0   0 255 255
255 255   0   0   0 255 255 255 255 255 255   0   0   0 255 255
255 255   0   0   0 255   0   0   0   0 255   0   0   0 255 255
255 255   0   0   0 255   0 255 255   0 255   0   0   0 255 255
255 255   0   0   0 255  56   0   0  76 255   0   0   0 255 255
255 255   0   0   0   0   0   0   0   0   0   0   0   0 255 255
255 255   0   0   0   0   0   0   0   0   0   0   0   0 255 255
255 255   0   0   0   0   0   0   0   0   0   0   0   0 255 255
255 255 255 255 255 255 255 255 255 255 255 255 255 255 255 255
255 255 255 255 255 255 255 255 255 255 255 255 255 255 255 255
255 255 255 255 255 255 255 255 255 255 255 255 255 255 255 255
255 255 255 255 255 255 255 255 255 255 255 255 255 255 255 255
255 255   0   0   0   0   0   0   0   0   0   0   0   0 255 255
255 255   0   0   0   0   0   0   0   0   0   0   0   0 255 255
255 255   0   0   0   0   0   0   0   0   0   0   0   0 255 255
255 255   0   0   0 255 255 255 255 255 255   0   0   0 255 255
255 255   0   0   0 255   0   0 189 255 255   0   0   0 255 255
255 255   0   0   0 255 255 255 255 255 255   0   0   0 255 255
255 255   0   0   0 255   0   0   0   0 255   0   0   0 255 255
255 255   0   0   0 255   0 255 255   0 255   0   0   0 255 255
255 255   0   0   0 255  56   0   0  76 255   0   0   0 255 255
255 255   0   0   0   0   0   0   0   0   0   0   0   0 255 255
255 255   0   0   0   0   0   0   0   0   0   0   0   0 255 255
255 255   0   0   0   0   0   0   0   0   0   0   0   0 255 255
255 255 255 255 255 255 255 255 255 255 255 255 255 255 255 255
255 255 255 255 255 255 255 255 255 255 255 255 255 255 255 255

255 255 255 255 255 255 255 255 255 255 255 255 255 255 255 255
255 214 153 153 153 153 153 153 153 153 153 153 153 153 214 255
255 153   0   0   0   0   0   0   0   0   0   0   0   0 153 255
255 153   0   0   0   0   0   0   0   0   0   0   0   0 153 255
255 153   0   0  10  51  51  51  51  51  51  10   0   0 153 255
255 153   0   0  51 251 237 255 255 255 255  51   0   0 153 255
255 153   0   0  51 237 122 191  98 129 169  51   0   0 153 255
255 153   0   0  51 248 132 203   3 193 155  51   0   0 153 255
255 153   0   0  51 244 115 189   3 195 152  51   0   0 153 255
255 153   0   0  51 243 144 190  95 131 168  51   0   0 153 255
255 153   0   0  51 249 208 255 255 255 255  51   0   0 153 255
255 153   0   0  10  51  51  51  51  50  51  10   0   0 153 255
255 153   0   0   0   0   0   0   0   0   0   0   0   0 153 255
255 153   0   0   0   0   0   0   0   0   0   0   0   0 153 255
255 214 153 153 153 153 153 153 153 153 153 153 153 153 214 255
255 255 255 255 255 255 255 255 255 255 255 255 255 255 255 255
255 255 255 255 255 255 255 255 255 255 255 255 255 255 255 255
255 214 153 153 153 153 153 153 153 153 153 153 153 153 214 255
255 153   0   0   0   0   0   0   0   0   0   0   0   0 153 255
255 153   0   0   0   0   0   0   0   0   0   0   0   0 153 255
255 153   0   0  10  51  51  51  51  51  51  10   0   0 153 255
255 153   0   0  51 251 237 255 255 255 255  51   0   0 153 255
255 153   0   0  51 237 122 191  98 129 169  51   0   0 153 255
255 153   0   0  51 248 132 203   3 193 155  51   0   0 153 255
255 153   0   0  51 244 115 189   3 195 152  51   0   0 153 255
255 153   0   0  51 243 144 190  95 131 168  51   0   0 153 255
255 153   0   0  51 249 208 255 255 255 255  51   0   0 153 255
255 153   0   0  10  51  51  51  51  50  51  10   0   0 153 255
255 153   0   0   0   0   0   0   0   0   0   0   0   0 153 255
255 153   0   0   0   0   0   0   0   0   0   0   0   0 153 255
255 214 153 153 153 153 153 153 153 153 153 153 153 153 214 255
255 255 255 255 255 255 255 255 255 255 255 255 255 255 255 255
255 255 255 255 255 255 255 255 255 255 255 255 255 255 255 255
255 214 153 153 153 153 153 153 153 153 153 153 153 153 214 255
255 153   0   0   0   0   0   0   0   0   0   0   0   0 153 255
255 153   0   0   0   0   0   0   0   0   0   0   0   0 153 255
255 153   0   0  10  51  51  51  51  51  51  10   0   0 153 255
255 153   0   0  51 251 237 255 255 255 255  51   0   0 153 255
255 153   0   0  51 237 122 191  98 129 169  51   0   0 153 255
255 153   0   0  51 248 132 203   3 193 155  51   0   0 153 255
255 153   0   0  51 244 115 189   3 195 152  51   0   0 153 255
255 153   0   0  51 243 144 190  95 131 168  51   0   0 153 255
255 153   0   0  51 249 208 255 255 255 255  51   0   0 153 255
255 153   0   0  10  51  51  51  51  50  51  10   0   0 153 255
255 153   0   0   0   0   0   0   0   0   0   0   0   0 153 255
255 153   0   0   0   0   0   0   0   0   0   0   0   0 153 255
255 214 153 153 153 153 153 153 153 153 153 153 153 153 214 255
255 255 255 255 255 255 255 255 255 255 255 255 255 255 255 255

255 255 255 255 255 255 255 255 255 255 255 255 255 255 255 255
255 214 153 153 153 153 153 153 153 153 153 153 153 153 214 255
255 153   0   0   0   0   0   0   0   0   0   0   0   0 153 255
255 153   0   0   0   0   0   0   0   0   0   0   0   0 153 255
255 153   0   0  10  51  51  51  51  51  51  10   0   0 153 255
255 153   0   0  51 255 169 155 152 168 255  51   0   0 153 255
255 153   0   0  51 255 129 193 195 131 255  50   0   0 153 255
255 153   0   0  51 255  98   3   3  95 255  51   0   0 153 255
255 153   0   0  51 255 191 203 189 190 255  51   0   0 153 255
255 153   0   0  51 237 122 132 115 144 208  51   0   0 153 255
255 153   0   0  51 251 237 248 244 243 249  51   0   0 153 255
255 153   0   0  10  51  51  51  51  51  51  10   0   0 153 255
255 153   0   0   0   0   0   0   0   0   0   0   0   0 153 255
255 153   0   0   0   0   0   0   0   0   0   0   0   0 153 255
255 214 153 153 153 153 153 153 153 153 153 153 153 153 214 255
255 255 255 255 255 255 255 255 255 255 255 255 255 255 255 255
255 255 255 255 255 255 255 255 255 255 255 255 255 255 255 255
255 214 153 153 153 153 153 153 153 153 153 153 153 153 214 255
255 153   0   0   0   0   0   0   0   0   0   0   0   0 153 255
255 153   0   0   0   0   0   0   0   0   0   0   0   0 153 255
255 153   0   0  10  51  51  51  51  51  51  10   0   0 153 255
255 153   0   0  51 255 169 155 152 168 255  51   0   0 153 255
255 153   0   0  51 255 129 193 195 131 255  50   0   0 153 255
255 153   0   0  51 255  98   3   3  95 255  51   0   0 153 255
255 153   0   0  51 255 191 203 189 190 255  51   0   0 153 255
255 153   0   0  51 237 122 132 115 144 208  51   0   0 153 255
255 153   0   0  51 251 237 248 244 243 249  51   0   0 153 255
255 153   0   0  10  51  51  51  51  51  51  10   0   0 153 255
255 153   0   0   0   0   0   0   0   0   0   0   0   0 153 255
255 153   0   0   0   0   0   0   0   0   0   0   0   0 153 255
255 214 153 153 153 153 153 153 153 153 153 153 153 153 214 255
255 255 255 255 255 255 255 255 255 255 255 255 255 255 255 255
255 255 255 255 255 255 255 255 255 255 255 255 255 255 255 255
255 214 153 153 153 153 153 153 153 153 153 153 153 153 214 255
255 153   0   0   0   0   0   0   0   0   0   0   0   0 153 255
255 153   0   0   0   0   0   0   0   0   0   0   0   0 153 255
255 153   0   0  10  51  51  51  51  51  51  10   0   0 153 255
255 153   0   0  51 255 169 155 152 168 255  51   0   0 153 255
255 153   0   0  51 255 129 193 195 131 255  50   0   0 153 255
255 153   0   0  51 255  98   3   3  95 255  51   0   0 153 255
255 153   0   0  51 255 191 203 189 190 255  51   0   0 153 255
255 153   0   0  51 237 122 132 115 144 208  51   0   0 153 255
255 153   0   0  51 251 237 248 244 243 249  51   0   0 153 255
255 153   0   0  10  51  51  51  51  51  51  10   0   0 153 255
255 153   0   0   0   0   0   0   0   0   0   0   0   0 153 255
255 153   0   0   0   0   0   0   0   0   0   0   0   0 153 255
255 214 153 153 153 153 153 153 153 153 153 153 153 153 214 255
255 255 255 255 255 255 255 255 255 255 255 255 255 255 255 255

255 255 255 255 255 255 255 255 255 255 255 255 255 255 255 255
255 214 153 153 153 153 153 153 153 153 153 153 153 153 214 255
255 153   0   0   0   0   0   0   0   0   0   0   0   0 153 255
255 153   0   0   0   0   0   0   0   0   0   0   0   0 153 255
255 153   0   0  10  51  50  51  51  51  51  10   0   0 153 255
255 153   0   0  51 255 255 255 255 208 249  51   0   0 153 255
255 153   0   0  51 168 131  95 190 144 243  51   0   0 153 255
255 153   0   0  51 152 195   3 189 115 244  51   0   0 153 255
255 153   0   0  51 155 193   3 203 132 248  51   0   0 153 255
255 153   0   0  51 169 129  98 191 122 237  51   0   0 153 255
255 153   0   0  51 255 255 255 255 237 251  51   0   0 153 255
255 153   0   0  10  51  51  51  51  51  51  10   0   0 153 255
255 153   0   0   0   0   0   0   0   0   0   0   0   0 153 255
255 153   0   0   0   0   0   0   0   0   0   0   0   0 153 255
255 214 153 153 153 153 153 153 153 153 153 153 153 153 214 255
255 255 255 255 255 255 255 255 255 255 255 255 255 255 255 255
255 255 255 255 255 255 255 255 255 255 255 255 255 255 255 255
255 214 153 153 153 153 153 153 153 153 153 153 153 153 214 255
255 153   0   0   0   0   0   0   0   0   0   0   0   0 153 255
255 153   0   0   0   0   0   0   0   0   0   0   0   0 153 255
255 153   0   0  10  51  50  51  51  51  51  10   0   0 153 255
255 153   0   0  51 255 255 255 255 208 249  51   0   0 153 255
255 153   0   0  51 168 131  95 190 144 243  51   0   0 153 255
255 153   0   0  51 152 195   3 189 115 244  51   0   0 153 255
255 153   0   0  51 155 193   3 203 132 248  51   0   0 153 255
255 153   0   0  51 169 129  98 191 122 237  51   0   0 153 255
255 153   0   0  51 255 255 255 255 237 251  51   0   0 153 255
255 153   0   0  10  51  51  51  51  51  51  10   0   0 153 255
255 153   0   0   0   0   0   0   0   0   0   0   0   0 153 255
255 153   0   0   0   0   0   0   0   0   0   0   0   0 153 255
255 214 153 153 153 153 153 153 153 153 153 153 153 153 214 255
255 255 255 255 255 255 255 255 255 255 255 255 255 255 255 255
255 255 255 255 255 255 255 255 255 255 255 255 255 255 255 255
255 214 153 153 153 153 153 153 153 153 153 153 153 153 214 255
255 153   0   0   0   0   0   0   0   0   0   0   0   0 153 255
255 153   0   0   0   0   0   0   0   0   0   0   0   0 153 255
255 153   0   0  10  51  50  51  51  51  51  10   0   0 153 255
255 153   0   0  51 255 255 255 255 208 249  51   0   0 153 255
255 153   0   0  51 168 131  95 190 144 243  51   0   0 153 255
255 153   0   0  51 152 195   3 189 115 244  51   0   0 153 255
255 153   0   0  51 155 193   3 203 132 248  51   0   0 153 255
255 153   0   0  51 169 129  98 191 122 237  51   0   0 153 255
255 153   0   0  51 255 255 255 255 237 251  51   0   0 153 255
255 153   0   0  10  51  51  51  51  51  51  10   0   0 153 255
255 153   0   0   0   0   0   0   0   0   0   0   0   0 153 255
255 153   0   0   0   0   0   0   0   0   0   0   0   0 153 255
255 214 153 153 153 153 153 153 153 153 153 153 153 153 214 255
255 255 255 255 255 255 255 255 255 255 255 255 255 255 255 255
